1
Acatenango
Chimaltenango
4.1
1.48
0.47
2.57
1.48
0.52
2.57
1.61
0.68
2.67
1.61
0.84
3.27
1.4
1.39
3.88
100
2
Agua Blanca
Jutiapa
4.1
1.57
0.43
2.5
1.75
0.53
2.41
2.15
0.88
2.21
1.79
1.27
2.78
1.37
1.74
3
100
3
Aguacatán
Huehuetenango
4.1
1.46
0.43
4.51
1.63
0.54
4.45
2.09
0.9
3.69
1.82
1.28
4.27
1.43
1.9
4.43
100
4
Almolonga
Quetzaltenango
4.1
1.49
0.47
2.57
1.49
0.52
2.57
1.62
0.68
2.67
1.62
0.84
3.25
1.39
1.39
3.89
100
5
Alotenango
Sacatepéquez
4.1
1.5
0.47
2.56
1.5
0.52
2.56
1.63
0.68
2.67
1.63
0.85
3.25
1.43
1.52
3.47
100
6
Amatitlán
Guatemala
4.1
1.39
0.47
2.58
1.43
0.52
2.54
1.78
0.68
2.69
1.55
1.08
3.27
1.35
1.82
3.51
100
7
Antigua Guatemala
Sacatepéquez
4.1
1.38
0.47
2.55
1.43
0.52
2.51
1.79
0.68
2.69
1.56
1.08
3.27
1.32
1.82
3.51
100
8
Asunción Mita
Jutiapa
4.1
1.49
0.43
2.47
1.69
0.53
2.43
1.76
0.88
2.27
1.76
1.27
2.78
1.37
1.65
3
100
9
Atescatempa
Jutiapa
4.1
1.36
0.47
2.52
1.43
0.52
2.49
1.53
0.68
2.55
1.52
0.79
3.24
1.3
1.4
3.45
100
10
Ayutla
San Marcos
4.2
1.49
0.51
3.26
1.57
0.57
2.87
1.68
0.78
3.06
1.67
1.14
3.79
1.48
1.9
4.09
110
11
Barberena
Santa Rosa
4.1
1.49
0.47
2.63
1.49
0.52
2.57
1.74
0.68
2.69
1.64
1.08
3.27
1.47
1.82
3.51
100
12
Cabañas
Zacapa
4.1
1.14
0.43
3.53
1.38
0.48
3.43
1.76
0.71
2.9
1.57
1.19
3.48
1.3
1.65
3.75
100
13
Cabricán
Quetzaltenango
4.1
1.32
0.47
2.48
1.43
0.52
2.53
1.53
0.68
2.85
1.49
0.79
4.25
1.28
1.44
4.28
100
14
Cajola
Quetzaltenango
4.1
1.28
0.47
2.43
1.43
0.52
2.47
1.53
0.68
2.65
1.43
0.79
3.08
1.28
1.19
3.7
100
15
Camotán
Chiquimula
4.1
1.11
0.43
2.93
1.28
0.48
2.85
1.74
0.62
2.46
1.52
1.01
3.06
1.27
1.65
3.28
100
16
Canillá
Quiché
4.1
1.13
0.43
4.51
1.34
0.48
4.44
1.57
0.78
3.68
1.57
1.22
4.27
1.3
1.65
4.48
100
17
Cantel
Quetzaltenango
4.1
1.45
0.47
2.58
1.45
0.52
2.58
1.58
0.68
2.66
1.6
0.83
3.27
1.38
1.37
3.87
100
18
Casillas
Santa Rosa
4.1
1.32
0.47
2.52
1.43
0.52
2.47
1.53
0.68
2.64
1.5
0.85
3.25
1.3
1.62
3.48
100
19
Catarina
San Marcos
4.2
1.68
0.51
3.63
1.68
0.57
2.99
1.8
0.74
3
1.77
1.11
3.81
1.59
1.84
4.14
100
20
Chahal
Alta Verapaz
3
0.94
0.37
4.1
1.05
0.41
4.02
1.12
0.57
3.42
1.15
0.79
3.97
1.08
1.5
4.09
110
21
Chajul
Quiché
4.1
1.18
0.37
4.51
1.4
0.48
3.95
1.62
0.81
3.68
1.62
1.16
4.27
1.32
1.55
4.47
100
22
Champerico
Retalhuleu
4.2
1.91
0.51
3.46
1.99
0.59
3.52
2.02
0.96
3.65
2.02
1.41
4.6
1.74
1.98
4.72
110
23
Chiantla
Huehuetenango
4.1
1.46
0.43
4.51
1.63
0.54
4.21
1.94
0.9
3.66
1.75
1.28
4.27
1.43
1.65
4.43
100
24
Chicacao
Suchitepéquez
4.2
1.66
0.51
3.62
1.66
0.57
2.98
1.78
0.74
3.04
1.75
1.12
3.82
1.59
1.86
4.14
100
25
Chicamán
Quiché
4.1
1.32
0.43
4.51
1.54
0.53
4.45
2.09
0.9
3.69
1.82
1.28
4.27
1.43
1.9
4.43
100
26
Chiché
Quiché
4.1
1.28
0.47
2.77
1.43
0.52
2.97
1.76
0.71
2.9
1.57
1.19
3.48
1.3
1.82
3.75
100
27
Chichicastenango
Quiché
4.1
1.28
0.47
2.69
1.43
0.52
2.88
1.86
0.71
2.9
1.62
1.19
3.48
1.31
1.82
3.75
100
28
Chimaltenango
Chimaltenango
4.1
1.31
0.47
2.49
1.43
0.52
2.51
1.53
0.68
2.55
1.49
0.79
3.24
1.28
1.38
3.44
100
29
Chinautla
Guatemala
4.1
1.28
0.47
2.49
1.43
0.52
2.75
1.53
0.68
2.89
1.43
0.89
3.48
1.28
1.7
3.72
100
30
Chinique
Quiché
4.1
1.11
0.43
2.72
1.24
0.48
3.04
1.44
0.62
3.05
1.39
0.95
3.48
1.22
1.65
3.73
100
31
Chiquimula
Chiquimula
4.1
1.34
0.43
2.59
1.53
0.48
2.47
1.62
0.78
2.21
1.62
1.14
2.77
1.32
1.65
3
100
32
Chiquimulilla
Santa Rosa
4.2
1.68
0.51
3.56
1.68
0.57
3.05
1.8
0.8
3.09
1.78
1.19
3.86
1.58
1.97
4.17
110
33
Chisec
Alta Verapaz
3
0.77
0.3
3.24
0.93
0.33
3.51
1.13
0.5
3.19
1.13
0.63
3.22
1.05
1.16
3.58
100
34
Chuarrancho
Guatemala
4.1
1.16
0.43
3.09
1.38
0.48
3.43
1.87
0.71
2.9
1.63
1.19
3.48
1.31
1.65
3.75
100
35
Ciudad Vieja
Sacatepéquez
4.1
1.43
0.47
2.58
1.43
0.52
2.56
1.55
0.68
2.69
1.56
0.95
3.26
1.35
1.75
3.5
100
36
Coatepeque
Quetzaltenango
4.2
1.49
0.51
3.28
1.57
0.57
2.87
1.68
0.78
3.06
1.66
1.14
3.71
1.47
1.89
4.07
110
37
Cobán
Alta Verapaz
4.1
1.31
0.38
4.51
1.54
0.53
3.72
1.75
0.9
3.66
1.65
1.16
4.27
1.43
1.55
4.43
100
38
Colomba
Quetzaltenango
4.2
1.67
0.51
3.64
1.67
0.57
3
1.79
0.74
2.98
1.77
1.11
3.8
1.59
1.84
4.15
100
39
Colotenango
Huehuetenango
4.1
1.32
0.43
4.51
1.54
0.53
4.45
2.09
0.9
3.69
1.82
1.28
4.27
1.43
1.9
4.43
100
40
Comapa
Jutiapa
4.1
1.48
0.47
2.57
1.48
0.52
2.57
1.8
0.68
2.69
1.61
1.08
3.27
1.43
1.82
3.51
100
41
Comitancillo
San Marcos
4.1
1.34
0.47
2.53
1.43
0.52
2.78
1.53
0.68
3.07
1.51
0.82
4.25
1.31
1.59
4.32
100
42
Concepción
Sololá
4.1
1.36
0.47
2.5
1.43
0.52
2.51
1.53
0.68
2.66
1.52
0.79
3.47
1.28
1.5
3.69
100
43
Concepción Chiquirichapa
Quetzaltenango
4.1
1.28
0.47
2.43
1.43
0.52
2.5
1.53
0.68
2.67
1.46
0.79
3.17
1.3
1.19
3.49
100
44
Concepción Huista
Huehuetenango
4.1
1.4
0.43
3.64
1.63
0.54
3.54
1.94
0.89
3
1.69
1.28
3.45
1.34
1.65
3.68
100
45
Concepción Las Minas
Chiquimula
4.1
1.19
0.43
2.5
1.36
0.48
2.5
1.46
0.68
2.46
1.46
1.01
2.76
1.26
1.65
2.97
100
46
Concepción Tutuapa
San Marcos
4.1
1.31
0.47
3.97
1.54
0.53
3.88
1.78
0.9
3.69
1.75
1.4
4.27
1.43
1.82
4.43
100
47
Conguaco
Jutiapa
4.2
1.62
0.51
3.14
1.62
0.57
2.79
1.74
0.74
2.77
1.72
1.07
3.27
1.54
1.96
3.51
100
48
Cubulco
Baja Verapaz
4.1
1.11
0.43
4.38
1.31
0.48
4.01
1.55
0.76
3.68
1.55
1.2
4.27
1.29
1.65
4.47
100
49
Cuilapa
Santa Rosa
4.1
1.49
0.47
2.57
1.49
0.52
2.57
1.8
0.68
2.69
1.62
1.08
3.27
1.44
1.82
3.51
100
50
 Cuilco
 Huehuetenango
4.1
1.32
0.43
4.51
1.54
0.53
4.45
2.09
0.9
3.69
1.82
1.28
4.27
1.43
1.9
4.43
100
51
Cunén
Quiché
4.1
1.32
0.43
4.51
1.54
0.53
4.45
2.09
0.9
3.69
1.82
1.28
4.27
1.43
1.9
4.43
100
52
Cuyotenango
Suchitepéquez
4.2
1.67
0.51
3.56
1.67
0.57
3.05
1.79
0.81
3.26
1.78
1.2
3.87
1.57
1.98
4.2
110
53
Dolores
Petén
2
0.43
0.17
4.04
0.48
0.19
4.19
0.57
0.32
4.49
0.76
0.43
4.2
1.19
0.63
4.34
110
54
El Adelanto
Jutiapa
4.1
1.38
0.47
2.54
1.43
0.52
2.53
1.53
0.68
2.64
1.54
0.87
3.26
1.31
1.64
3.48
100
55
El Asintal
Retalhuleu
4.2
1.67
0.51
3.56
1.67
0.57
3.05
1.79
0.8
3.29
1.78
1.19
3.86
1.58
1.97
4.17
110
56
El Chal
Petén
2
0.43
0.17
3.79
0.48
0.19
3.93
0.57
0.32
4.35
0.76
0.43
4.11
1.19
0.63
3.8
100
57
El Estor
Izabal
4.1
1.26
0.43
4.15
1.49
0.5
4.07
2.02
0.84
3.39
1.75
1.28
3.99
1.35
1.72
4.26
110
58
El Jícaro
El Progreso
4.1
1.16
0.43
3.53
1.38
0.48
3.43
1.87
0.71
2.9
1.63
1.19
3.48
1.31
1.65
3.75
100
59
El Palmar
Quetzaltenango
4.2
1.64
0.51
3.43
1.64
0.57
3.04
1.76
0.74
2.88
1.74
1.01
3.74
1.56
1.69
4.2
100
60
El Progreso
Jutiapa
4.1
1.3
0.43
2.48
1.44
0.48
2.43
1.43
0.62
2.48
1.42
0.72
3.17
1.22
1.18
3.53
100
61
El Quetzal
San Marcos
4.2
1.67
0.51
3.64
1.67
0.57
3
1.79
0.74
2.96
1.76
1.11
3.8
1.58
1.83
4.15
100
62
El Rodeo
San Marcos
4.2
1.64
0.51
3.48
1.64
0.57
3.07
1.76
0.74
2.88
1.75
1.03
3.75
1.56
1.72
4.2
100
63
El Tejar
Chimaltenango
4.1
1.31
0.47
2.48
1.43
0.52
2.51
1.53
0.68
2.59
1.49
0.8
3.25
1.28
1.52
3.47
100
64
El Tumbador
San Marcos
4.2
1.66
0.51
3.59
1.66
0.57
3.04
1.78
0.74
2.86
1.75
1.08
3.77
1.57
1.79
4.18
100
65
Escuintla
Escuintla
4.2
1.63
0.51
3.61
1.63
0.57
3.03
1.75
0.74
2.88
1.74
1.09
3.64
1.58
1.8
3.38
100
66
Esquipulas
Chiquimula
4.1
1.11
0.43
2.57
1.24
0.48
2.57
1.33
0.62
2.47
1.28
0.79
3.05
1.15
1.49
3.25
100
67
Esquipulas Palo Gordo
San Marcos
4.2
1.56
0.51
2.62
1.57
0.57
2.56
1.68
0.74
2.71
1.67
0.87
3.65
1.47
1.42
3.93
100
68
Estanzuela
Zacapa
4.1
1.16
0.43
3.53
1.38
0.48
3.43
1.87
0.71
2.9
1.63
1.19
3.48
1.31
1.65
3.75
100
69
Flores
Petén
2
0.46
0.17
4.81
0.59
0.19
5
0.71
0.32
4.75
0.76
0.43
4.44
1.19
0.63
4.53
100
70
Flores Costa Cuca
Quetzaltenango
4.2
1.5
0.51
3.33
1.57
0.57
2.87
1.68
0.74
3.08
1.67
1.11
3.64
1.5
1.84
3.96
110
71
Fraijanes
Guatemala
4.1
1.35
0.47
2.55
1.5
0.52
2.5
1.79
0.68
2.69
1.56
1.08
3.27
1.32
1.82
3.51
100
72
Fray Bartolomé de las Casas
Alta Verapaz
3
0.92
0.3
2.56
1.14
0.33
2.42
1.34
0.53
2.28
1.31
0.8
2.79
1.14
1.37
2.95
110
73
Génova
Quetzaltenango
4.2
1.48
0.51
3.29
1.57
0.57
2.86
1.68
0.78
3.06
1.66
1.13
3.7
1.47
1.89
4.05
110
74
Granados
Baja Verapaz
4.1
1.16
0.43
3.14
1.38
0.48
3.43
1.87
0.71
2.9
1.63
1.19
3.48
1.31
1.65
3.75
100
75
Gualán
Zacapa
4.1
1.16
0.43
3.53
1.38
0.48
3.43
1.87
0.71
2.9
1.63
1.19
3.48
1.31
1.65
3.75
100
76
Guanagazapa
Escuintla
4.2
1.68
0.51
3.58
1.68
0.57
3.06
1.8
0.74
3.09
1.77
1.16
3.84
1.59
1.92
3.9
110
77
Guastatoya
El Progreso
4.1
1.16
0.43
3.48
1.38
0.48
3.43
1.87
0.71
2.9
1.63
1.19
3.48
1.31
1.65
3.75
100
78
Guatemala
Guatemala
4.1
1.28
0.47
2.48
1.43
0.52
2.43
1.53
0.68
2.69
1.43
0.88
3.26
1.28
1.66
3.49
100
79
Guazacapán
Santa Rosa
4.2
1.68
0.51
3.57
1.68
0.57
3.06
1.8
0.75
3.09
1.78
1.16
3.85
1.59
1.94
4.04
110
80
Huehuetenango
Huehuetenango
4.1
1.31
0.43
4.51
1.54
0.53
4.45
2.04
0.9
3.69
1.78
1.28
4.27
1.43
1.85
4.43
100
81
Huitán
Quetzaltenango
4.1
1.36
0.47
2.5
1.43
0.52
2.51
1.53
0.68
2.56
1.52
0.79
3.48
1.28
1.23
3.95
100
82
Huité
Zacapa
4.1
1.12
0.43
3.53
1.35
0.48
3.43
1.81
0.7
2.9
1.58
1.16
3.49
1.3
1.65
3.75
100
83
Ipala
Chiquimula
4.1
1.51
0.43
2.51
1.69
0.53
2.41
2.06
0.88
2.21
1.76
1.27
2.78
1.37
1.68
3
100
84
Ixcán
Quiché
4.1
1.21
0.35
4.51
1.35
0.49
4.45
1.8
0.79
3.69
1.62
1
4.27
1.33
1.62
4.46
100
85
Ixchiguan
San Marcos
4.1
1.38
0.47
2.56
1.43
0.52
2.96
1.53
0.68
3.26
1.54
0.85
4.26
1.33
1.67
4.33
100
86
Iztapa
Escuintla
4.2
1.61
0.51
3.54
1.61
0.57
3.04
1.74
0.83
3.25
1.75
1.22
3.92
1.56
1.98
4.25
110
87
Jacaltenango
Huehuetenango
4.1
1.4
0.43
3.64
1.63
0.54
3.54
1.94
0.89
3
1.69
1.28
3.45
1.34
1.65
3.68
100
88
Jalapa
Jalapa
4.1
1.11
0.43
2.49
1.24
0.48
2.59
1.36
0.62
2.81
1.36
0.87
3.47
1.19
1.61
3.57
100
89
Jalpatagua
Jutiapa
4.1
1.51
0.47
2.73
1.51
0.52
2.58
1.8
0.68
2.69
1.66
1.08
3.27
1.49
1.82
3.51
100
90
Jerez
Jutiapa
4.1
1.45
0.47
2.57
1.45
0.52
2.57
1.61
0.68
2.69
1.58
0.98
3.26
1.37
1.79
3.5
100
91
Jocotán
Chiquimula
4.1
1.11
0.43
2.93
1.28
0.48
2.85
1.74
0.62
2.45
1.52
1.01
3.06
1.27
1.65
3.28
100
92
Jocotenango
Sacatepéquez
4.1
1.36
0.47
2.5
1.43
0.52
2.49
1.7
0.68
2.69
1.52
0.99
3.26
1.28
1.81
3.5
100
93
Joyabaj
Quiché
4.1
1.28
0.47
2.75
1.43
0.52
2.84
1.53
0.68
2.98
1.43
0.8
3.01
1.28
1.48
3.37
100
94
Jutiapa
Jutiapa
4.1
1.31
0.47
2.55
1.43
0.52
2.47
1.53
0.68
2.69
1.49
1.03
3.26
1.32
1.82
3.51
100
95
La Blanca
San Marcos
4.2
1.66
0.51
3.09
1.66
0.57
3.07
1.84
0.82
3.1
1.75
1.2
4.29
1.58
1.98
4.34
110
96
La Democracia
Escuintla
4.2
1.66
0.51
3.54
1.66
0.57
3.04
1.78
0.83
3.28
1.77
1.22
3.94
1.56
1.98
4.25
110
97
La Democracia
Huehuetenango
4.1
1.22
0.43
3.26
1.48
0.48
3.12
1.51
0.81
3.13
1.51
1.13
3.44
1.28
1.65
3.7
100
98
La Esperanza
Quetzaltenango
4.1
1.48
0.47
2.57
1.48
0.52
2.57
1.6
0.68
2.66
1.61
0.84
3.25
1.38
1.39
3.88
100
99
La Gomera
Escuintla
4.2
1.55
0.51
3.39
1.57
0.57
3.08
1.76
0.84
3.25
1.72
1.28
4.36
1.59
1.98
4.46
110
100
La Libertad
Huehuetenango
4.1
1.15
0.43
4.03
1.36
0.48
3.84
1.59
0.79
3.68
1.59
1.25
4.27
1.31
1.65
4.48
100
101
La Libertad
Petén
2
0.46
0.17
3.82
0.59
0.19
3.97
0.71
0.32
4.42
0.76
0.43
4.43
1.19
0.63
4.41
100
102
La Reforma
San Marcos
4.2
1.64
0.51
3.6
1.64
0.57
3.03
1.76
0.74
2.87
1.75
1.08
3.77
1.57
1.79
4.18
100
103
La Unión
Zacapa
4.1
1.11
0.43
3.38
1.24
0.48
3.24
1.38
0.62
2.75
1.38
0.89
3.4
1.2
1.65
3.48
100
104
Lanquín
Alta Verapaz
3
0.94
0.37
4.46
1.05
0.41
4.39
1.2
0.57
3.71
1.2
0.89
4.26
1.13
1.55
4.35
100
105
Las Cruces
Petén
2
0.6
0.23
3.48
0.67
0.26
3.61
0.8
0.41
4.18
0.93
0.49
4.33
1.13
0.78
4.25
100
106
Livingston
Izabal
4.1
1.28
0.47
4.92
1.43
0.52
3.91
1.58
0.71
3.91
1.58
1.21
4.27
1.3
1.82
4.31
120
107
Los Amates
Izabal
4.1
1.31
0.47
4.51
1.54
0.53
4.45
2.08
0.9
3.69
1.8
1.4
4.28
1.41
1.88
4.44
110
108
Magdalena Milpas Altas
Sacatepéquez
4.1
1.36
0.47
2.51
1.43
0.52
2.54
1.8
0.68
2.69
1.56
1.08
3.27
1.29
1.82
3.51
100
109
Malacatán
San Marcos
4.2
1.66
0.51
3.64
1.66
0.57
2.99
1.78
0.74
2.98
1.75
1.11
3.81
1.59
1.84
4.15
100
110
Malacatancito
Huehuetenango
4.1
1.28
0.43
4.06
1.51
0.52
3.72
1.72
0.88
3.67
1.72
1.28
4.27
1.39
1.65
4.44
100
111
Masagua
Escuintla
4.2
1.67
0.51
3.57
1.67
0.57
3.04
1.79
0.82
3.28
1.78
1.21
3.88
1.57
1.98
4.22
110
112
Mataquescuintla
Jalapa
4.1
1.28
0.47
2.48
1.43
0.52
2.44
1.53
0.68
2.47
1.43
0.79
3.03
1.28
1.28
3.43
100
113
Mazatenango
Suchitepéquez
4.2
1.68
0.51
3.6
1.68
0.57
3.07
1.8
0.74
3.11
1.78
1.15
3.83
1.59
1.9
4.17
100
114
Melchor de Mencos
Petén
2
0.46
0.17
4.88
0.59
0.19
5.07
0.71
0.32
4.78
0.76
0.43
4.46
1.19
0.63
4.55
110
115
Mixco
Guatemala
4.1
1.28
0.47
2.47
1.43
0.52
2.56
1.53
0.68
2.69
1.47
1.02
3.26
1.28
1.82
3.51
100
116
Momostenango
Totonicapán
4.1
1.28
0.47
2.89
1.43
0.52
3.51
1.53
0.68
3.71
1.43
0.92
4.26
1.28
1.81
4.37
100
117
Monjas
Jalapa
4.1
1.18
0.43
2.5
1.31
0.48
2.46
1.35
0.62
2.48
1.33
0.72
3.04
1.14
1.29
3.23
100
118
Morales
Izabal
4.1
1.42
0.47
4.9
1.64
0.62
4.85
2.15
1.04
4.21
1.88
1.4
4.74
1.62
2.21
4.63
110
119
Morazán
El Progreso
4.1
1.14
0.43
3.45
1.38
0.48
3.43
1.74
0.71
2.9
1.57
1.19
3.48
1.3
1.65
3.75
100
120
Moyuta
Jutiapa
4.2
1.68
0.51
2.92
1.68
0.57
2.75
1.8
0.74
3.04
1.78
0.97
3.29
1.42
1.66
3.54
110
121
Nahualá
Sololá
4.1
1.48
0.47
2.81
1.48
0.52
2.6
1.67
0.68
2.67
1.67
0.92
3.67
1.5
1.5
3.88
100
122
Nebaj
Quiché
4.1
1.14
0.37
2.86
1.38
0.42
3.09
1.73
0.71
2.9
1.57
1.16
3.48
1.3
1.55
3.75
100
123
Nentón
Huehuetenango
4.1
1.38
0.37
3.64
1.61
0.53
2.98
1.62
0.88
3
1.62
1.16
3.45
1.32
1.55
3.68
100
124
Nueva Concepción
Escuintla
4.2
1.82
0.51
3.4
1.9
0.58
3.45
2
0.94
3.56
2
1.39
4.55
1.73
1.98
4.65
110
125
Nueva Santa Rosa
Santa Rosa
4.1
1.37
0.47
2.55
1.43
0.52
2.5
1.62
0.68
2.69
1.53
1.08
3.27
1.32
1.82
3.51
100
126
Nuevo Progreso
San Marcos
4.2
1.67
0.51
3.34
1.67
0.57
2.88
1.79
0.74
2.91
1.76
1.06
3.59
1.51
1.77
3.99
100
127
Nuevo San Carlos
Retalhuleu
4.2
1.68
0.51
3.61
1.68
0.57
3.02
1.8
0.74
3.09
1.78
1.13
3.83
1.59
1.88
4.17
100
128
Ocós
San Marcos
4.2
1.58
0.51
3.12
1.58
0.57
2.94
1.76
0.8
3.06
1.71
1.19
4.21
1.56
1.97
4.28
110
129
Olintepeque
Quetzaltenango
4.1
1.43
0.47
2.57
1.43
0.52
2.56
1.55
0.68
2.64
1.57
0.83
3.28
1.34
1.37
3.86
100
130
Olopa
Chiquimula
4.1
1.11
0.43
2.66
1.24
0.48
2.77
1.52
0.62
2.46
1.42
0.95
3.06
1.22
1.65
3.28
100
131
Oratorio
Santa Rosa
4.2
1.57
0.51
3.24
1.57
0.57
2.87
1.7
0.74
2.73
1.7
1.08
3.27
1.55
1.98
3.51
100
132
Pachalum
Quiché
4.1
1.3
0.47
4.51
1.55
0.52
3.87
1.57
0.85
3.63
1.57
1.2
4.27
1.3
1.82
4.43
100
133
Pajapita
San Marcos
4.1
1.5
0.51
3.32
1.57
0.57
2.86
1.68
0.77
3.08
1.67
1.13
3.69
1.48
1.88
4.03
110
134
Palencia
Guatemala
4.1
1.28
0.47
2.49
1.5
0.52
2.46
1.53
0.68
2.65
1.43
0.79
3.47
1.28
1.45
3.68
100
135
Palestina de Los Altos
Quetzaltenango
4.1
1.46
0.47
2.57
1.46
0.52
2.57
1.6
0.68
2.66
1.6
0.84
3.25
1.38
1.39
3.87
100
136
Palín
Escuintla
4.2
1.51
0.51
2.56
1.57
0.57
2.56
1.68
0.74
2.68
1.64
0.87
3.28
1.44
1.45
3.29
100
137
Panajachel
Sololá
4.1
1.38
0.47
2.53
1.43
0.52
2.52
1.53
0.68
2.58
1.54
0.79
3.2
1.3
1.34
3.67
100
138
Panzós
Alta Verapaz
4.1
1.31
0.43
4.51
1.54
0.53
4.45
1.99
0.9
3.69
1.75
1.28
4.27
1.43
1.81
4.43
100
139
Parramos
Chimaltenango
4.1
1.38
0.47
2.55
1.43
0.52
2.52
1.53
0.68
2.58
1.54
0.81
3.24
1.32
1.4
3.45
100
140
Pasaco
Jutiapa
4.2
1.68
0.51
3.56
1.68
0.57
3.05
1.8
0.78
3.09
1.78
1.18
3.86
1.58
1.96
4.17
110
141
Pastores
Sacatepéquez
4.1
1.36
0.47
2.51
1.43
0.52
2.5
1.53
0.68
2.64
1.52
0.84
3.25
1.29
1.6
3.48
100
142
Patulul
Suchitepéquez
4.2
1.68
0.51
3.59
1.68
0.57
3.07
1.8
0.74
3.09
1.77
1.15
3.84
1.59
1.9
4.16
100
143
Patzicía
Chimaltenango
4.1
1.38
0.47
2.57
1.43
0.52
2.52
1.53
0.68
2.59
1.54
0.82
3.27
1.33
1.35
3.75
100
144
Patzité
Quiché
4.1
1.28
0.47
3.04
1.43
0.52
3.37
1.87
0.71
2.9
1.63
1.19
3.48
1.31
1.82
3.75
100
145
Patzún
Chimaltenango
4.1
1.4
0.47
2.57
1.43
0.52
2.55
1.54
0.68
2.62
1.56
0.83
3.27
1.36
1.37
3.85
100
146
Petatán
Huehuetenango
4.1
1.4
0.43
3.64
1.63
0.54
3.54
1.94
0.89
3
1.69
1.28
3.45
1.34
1.65
3.68
100
147
Pochuta
Chimaltenango
4.1
1.56
0.47
2.74
1.56
0.52
2.58
1.68
0.68
2.71
1.67
0.91
3.66
1.49
1.49
3.93
100
148
Poptún
Petén
2
0.6
0.23
3.64
0.67
0.26
3.77
0.8
0.41
3.35
0.93
0.49
3.33
1.13
0.78
3.47
110
149
Pueblo Nuevo
Suchitepéquez
4.2
1.64
0.51
3.1
1.64
0.57
2.75
1.76
0.74
2.81
1.74
0.93
3.7
1.54
1.53
4.13
100
150
Pueblo Nuevo Viñas
Santa Rosa
4.2
1.61
0.51
3.12
1.61
0.57
2.77
1.73
0.74
2.75
1.71
0.93
3.25
1.54
1.66
3.48
100
151
Puerto Barrios
Izabal
4.1
1.42
0.47
4.91
1.64
0.62
4.87
1.94
1.04
4.21
1.86
1.4
4.74
1.62
1.97
4.63
120
152
Purulhá
Baja Verapaz
4.1
1.31
0.43
4.51
1.54
0.53
4.45
1.88
0.9
3.69
1.75
1.28
4.27
1.43
1.7
4.43
100
153
Quesada
Jutiapa
4.1
1.37
0.47
2.55
1.43
0.52
2.51
1.53
0.68
2.69
1.53
1.05
3.27
1.32
1.82
3.51
100
154
Quetzaltenango
Quetzaltenango
4.1
1.51
0.47
2.59
1.51
0.52
2.56
1.64
0.68
2.68
1.64
0.85
3.65
1.46
1.39
3.9
100
155
Quetzaltepeque
Chiquimula
4.1
1.33
0.43
2.54
1.52
0.48
2.54
1.6
0.77
2.44
1.6
1.13
2.77
1.32
1.65
3.02
100
156
Rabinal
Baja Verapaz
4.1
1.11
0.43
3.94
1.24
0.48
3.73
1.33
0.63
3.7
1.33
0.99
4.26
1.2
1.65
4.4
100
157
Raxruhá
Alta Verapaz
3
0.92
0.3
3.17
1.14
0.33
2.98
1.31
0.53
2.39
1.31
0.8
2.51
1.14
1.37
2.78
100
158
Retalhuleu
Retalhuleu
4.2
1.69
0.51
3.39
1.77
0.57
3.45
1.9
0.9
3.54
1.9
1.33
4.51
1.67
1.98
4.59
110
159
Río Blanco
San Marcos
4.1
1.37
0.47
2.54
1.43
0.52
2.51
1.53
0.68
2.58
1.53
0.79
3.23
1.31
1.27
3.8
100
160
Río Bravo
Suchitepéquez
4.2
1.67
0.51
3.57
1.67
0.57
3.06
1.8
0.76
3.21
1.78
1.17
3.85
1.59
1.94
4.16
100
161
Río Hondo
Zacapa
4.1
1.14
0.43
3.53
1.38
0.48
3.43
1.76
0.71
2.9
1.57
1.19
3.48
1.3
1.65
3.75
100
162
Sacapulas
Quiché
4.1
1.24
0.43
2.53
1.24
0.48
2.78
1.49
0.62
2.89
1.42
0.96
3.48
1.22
1.65
3.73
100
163
Salamá
Baja Verapaz
4.1
1.31
0.43
4.51
1.54
0.53
3.72
1.75
0.9
3.66
1.75
1.28
4.27
1.43
1.65
4.43
100
164
Salcajá
Quetzaltenango
4.1
1.4
0.47
2.56
1.43
0.52
2.54
1.53
0.68
2.62
1.55
0.82
3.27
1.32
1.33
3.85
100
165
Samayac
Suchitepéquez
4.2
1.67
0.51
3.44
1.67
0.57
3.04
1.79
0.74
2.9
1.76
1.02
3.74
1.56
1.69
4.2
100
166
San Agustín Acasaguastlán
El Progreso
4.1
1.14
0.43
3.92
1.38
0.48
3.43
1.58
0.71
3.22
1.57
1.19
3.74
1.3
1.65
3.86
100
167
San Andrés
Chimaltenango
4.1
1.38
0.47
2.56
1.43
0.52
2.52
1.53
0.68
2.59
1.54
0.82
3.24
1.33
1.44
3.45
100
168
San Andrés
Petén
2
0.43
0.17
4.47
0.48
0.19
4.64
0.57
0.32
4.64
0.76
0.43
4.34
1.19
0.63
4.45
100
169
San Andrés Sajcabajá
Quiché
4.1
1.31
0.43
4.51
1.54
0.53
4.45
2.03
0.9
3.69
1.77
1.28
4.27
1.43
1.84
4.43
100
170
San Andrés Semetabaj
Sololá
4.1
1.37
0.47
2.54
1.43
0.52
2.5
1.53
0.68
2.58
1.53
0.79
3.47
1.31
1.5
3.69
100
171
San Andrés Villa Seca
Retalhuleu
4.2
1.73
0.51
3.4
1.81
0.57
3.45
1.94
0.92
3.55
1.94
1.36
4.51
1.7
1.98
4.6
110
172
San Andrés Xecul
Totonicapán
4.1
1.39
0.47
2.55
1.43
0.52
2.53
1.53
0.68
2.61
1.55
0.79
3.25
1.32
1.3
3.85
100
173
San Antonio Aguas Calientes
Sacatepéquez
4.1
1.38
0.47
2.54
1.43
0.52
2.53
1.54
0.68
2.64
1.54
0.89
3.26
1.31
1.67
3.49
100
174
San Antonio Huista
Huehuetenango
4.1
1.4
0.43
3.62
1.63
0.54
3.55
1.8
0.89
3
1.63
1.28
3.45
1.33
1.65
3.68
100
175
San Antonio Ilotenango
Quiché
4.1
1.31
0.47
4.51
1.54
0.53
4.45
1.87
0.9
3.69
1.75
1.4
4.27
1.43
1.82
4.43
100
176
San Antonio La Paz
El Progreso
4.1
1.11
0.43
2.51
1.43
0.48
2.76
1.44
0.62
2.89
1.35
0.83
3.47
1.2
1.59
3.7
100
177
San Antonio Palopó
Sololá
4.1
1.43
0.47
2.57
1.43
0.52
2.56
1.56
0.68
2.64
1.57
0.84
3.25
1.36
1.38
3.86
100
178
San Antonio Sacatepéquez
San Marcos
4.1
1.45
0.47
2.57
1.45
0.52
2.57
1.57
0.68
2.66
1.58
0.84
3.25
1.38
1.39
3.86
100
179
San Antonio Suchitepéquez
Suchitepéquez
4.2
1.67
0.51
3.63
1.67
0.57
3.01
1.79
0.74
2.95
1.77
1.1
3.79
1.58
1.83
4.16
100
180
San Bartolo
Totonicapán
4.1
1.28
0.47
2.6
1.43
0.52
3.34
1.53
0.68
3.57
1.43
0.86
4.26
1.28
1.68
4.34
100
181
San Bartolomé Jocotenango
Quiché
4.1
1.18
0.43
2.49
1.24
0.48
2.83
1.34
0.62
3.11
1.38
0.85
3.52
1.17
1.62
3.71
100
182
San Bartolomé Milpas Altas
Sacatepéquez
4.1
1.33
0.47
2.48
1.43
0.52
2.6
1.76
0.68
2.69
1.54
1.08
3.27
1.28
1.82
3.51
100
183
San Benito
Petén
2
0.43
0.17
4.06
0.55
0.19
4.29
0.68
0.32
4.5
0.76
0.43
4.2
1.19
0.63
4.35
100
184
San Bernardino
Suchitepéquez
4.2
1.68
0.51
3.6
1.68
0.57
3.04
1.8
0.74
2.97
1.77
1.08
3.77
1.57
1.79
4.18
100
185
San Carlos Alzatate
Jalapa
4.1
1.22
0.43
2.48
1.24
0.48
2.49
1.38
0.62
2.52
1.41
0.72
3.36
1.2
1.09
3.47
100
186
San Carlos Sija
Quetzaltenango
4.1
1.31
0.47
3.2
1.43
0.52
3.48
1.53
0.68
3.7
1.51
1.03
4.26
1.33
1.82
4.42
100
187
San Cristóbal Acasaguastlán
El Progreso
4.1
1.14
0.43
3.53
1.38
0.48
3.43
1.79
0.71
2.9
1.57
1.19
3.48
1.3
1.65
3.75
100
188
San Cristóbal Cucho
San Marcos
4.1
1.56
0.47
2.59
1.56
0.52
2.55
1.68
0.68
2.71
1.67
0.85
3.63
1.46
1.39
3.93
100
189
San Cristóbal Totonicapán
Totonicapán
4.1
1.37
0.47
2.53
1.43
0.52
2.51
1.53
0.68
2.58
1.53
0.79
3.18
1.3
1.22
3.85
100
190
San Cristóbal Verapaz
Alta Verapaz
4.1
1.31
0.43
4.51
1.54
0.53
4.45
2.06
0.9
3.69
1.79
1.35
4.27
1.43
1.87
4.43
100
191
San Diego
Zacapa
4.1
1.11
0.43
2.86
1.24
0.48
2.89
1.46
0.62
2.81
1.39
0.91
3.47
1.21
1.65
3.57
100
192
San Felipe
Retalhuleu
4.2
1.67
0.51
3.62
1.67
0.57
3.02
1.79
0.74
2.95
1.77
1.09
3.79
1.58
1.81
4.17
100
193
San Francisco
Petén
3
0.43
0.17
3.9
0.48
0.19
4.06
0.57
0.32
4.44
0.76
0.43
4.15
1.19
0.63
4.3
100
194
San Francisco El Alto
Totonicapán
4.1
1.36
0.47
2.52
1.43
0.52
2.5
1.53
0.68
2.55
1.52
0.79
3.2
1.29
1.19
3.76
100
195
San Francisco La Unión
Quetzaltenango
4.1
1.39
0.47
2.56
1.43
0.52
2.54
1.53
0.68
2.62
1.55
0.81
3.27
1.32
1.33
3.85
100
196
San Francisco Zapotitlán
Suchitepéquez
4.2
1.67
0.51
3.42
1.67
0.57
3.03
1.79
0.74
2.88
1.76
1.01
3.74
1.56
1.68
4.2
100
197
San Gabriel
Suchitepéquez
4.2
1.68
0.51
3.63
1.68
0.57
2.99
1.8
0.74
3.12
1.78
1.11
3.81
1.59
1.85
4.14
100
198
San Gaspar Ixchil
Huehuetenango
4.1
1.32
0.43
4.49
1.54
0.53
4.45
2.09
0.9
3.69
1.82
1.28
4.27
1.43
1.9
4.43
100
199
San Ildefonso Ixtahuacán
Huehuetenango
4.1
1.32
0.43
4.48
1.54
0.53
4.45
2.09
0.9
3.69
1.82
1.28
4.27
1.43
1.9
4.43
100
200
San Jacinto
Chiquimula
4.1
1.39
0.43
2.52
1.56
0.48
2.42
1.93
0.78
2.21
1.65
1.14
2.77
1.33
1.65
3
100
201
San Jerónimo
Baja Verapaz
4.1
1.11
0.43
4.14
1.24
0.48
3.88
1.33
0.62
3.7
1.29
0.96
4.26
1.18
1.65
4.39
100
202
San Jorge
Zacapa
4.1
1.11
0.43
3.53
1.33
0.48
3.43
1.61
0.69
2.9
1.53
1.13
3.48
1.28
1.65
3.75
100
203
San José (Escuintla)
Escuintla
4.2
1.55
0.51
3.45
1.57
0.57
3.08
1.79
0.84
3.26
1.71
1.25
4.35
1.57
1.98
4.38
110
204
San José (Petén)
Petén
2
0.46
0.17
4.76
0.59
0.19
4.94
0.71
0.32
4.73
0.76
0.43
4.42
1.19
0.63
4.52
100
205
San José Acatempa
Jutiapa
4.1
1.39
0.47
2.57
1.43
0.52
2.54
1.75
0.68
2.69
1.55
1.08
3.27
1.34
1.82
3.51
100
206
San José Chacayá
Sololá
4.1
1.39
0.47
2.54
1.43
0.52
2.53
1.53
0.68
2.6
1.55
0.79
3.25
1.32
1.28
3.34
100
207
San José del Golfo
Guatemala
4.1
1.14
0.43
2.9
1.38
0.48
3.04
1.68
0.71
2.9
1.57
1.19
3.48
1.3
1.65
3.75
100
208
San José El Ídolo
Suchitepéquez
4.2
1.66
0.51
3.57
1.66
0.57
3.04
1.78
0.82
3.28
1.77
1.21
3.88
1.56
1.98
4.23
100
209
San José La Arada
Chiquimula
4.1
1.49
0.43
2.52
1.69
0.53
2.43
1.87
0.88
2.21
1.76
1.27
2.78
1.37
1.65
3
100
210
San José La Máquina
Suchitepéquez
4.2
1.7
0.51
3.39
1.78
0.57
3.45
1.91
0.9
3.55
1.91
1.34
4.51
1.68
1.98
4.59
110
211
San José Ojetenam
San Marcos
4.1
1.28
0.47
3.87
1.43
0.52
3.74
1.53
0.71
3.69
1.46
1.11
4.27
1.28
1.82
4.45
100
212
San José Pinula
Guatemala
4.1
1.31
0.47
2.48
1.5
0.52
2.43
1.53
0.68
2.68
1.43
0.87
3.25
1.28
1.63
3.48
100
213
San José Poaquil
Chimaltenango
4.1
1.28
0.47
2.77
1.43
0.52
2.92
1.82
0.71
2.9
1.6
1.19
3.48
1.3
1.82
3.75
100
214
San Juan Atitán
Huehuetenango
4.1
1.31
0.43
4.51
1.54
0.53
4.45
1.98
0.9
3.69
1.75
1.28
4.27
1.43
1.8
4.43
100
215
San Juan Bautista
Suchitepéquez
4.2
1.67
0.51
3.56
1.67
0.57
3.05
1.79
0.74
2.9
1.76
1.06
3.76
1.57
1.77
4.19
100
216
San Juan Chamelco
Alta Verapaz
4.1
1.28
0.37
4.51
1.5
0.52
4.45
1.9
0.87
3.69
1.68
1.16
4.27
1.38
1.71
4.45
100
217
San Juan Comalapa
Chimaltenango
4.1
1.3
0.47
2.47
1.43
0.52
2.67
1.53
0.68
2.87
1.46
0.83
3.47
1.28
1.58
3.7
100
218
San Juan Cotzal
Quiché
4.1
1.09
0.37
4.21
1.3
0.44
4.25
1.57
0.76
3.68
1.54
1.16
4.27
1.29
1.55
4.47
100
219
San Juan Ermita
Chiquimula
4.1
1.11
0.43
2.81
1.28
0.48
2.85
1.74
0.63
2.44
1.52
1.01
2.95
1.27
1.65
3.18
100
220
San Juan Ixcoy
Huehuetenango
4.1
1.4
0.37
3.64
1.63
0.54
3.55
1.82
0.89
3
1.63
1.16
3.45
1.33
1.55
3.68
100
221
San Juan La Laguna
Sololá
4.1
1.55
0.47
2.56
1.55
0.52
2.55
1.67
0.68
2.7
1.66
0.85
3.59
1.46
1.39
3.92
100
222
San Juan Ostuncalco
Quetzaltenango
4.1
1.54
0.47
2.64
1.54
0.52
2.56
1.67
0.68
2.69
1.66
0.87
3.65
1.47
1.43
3.92
100
223
San Juan Sacatepéquez
Guatemala
4.1
1.28
0.47
2.76
1.43
0.52
2.88
1.56
0.7
2.9
1.56
1.17
3.49
1.29
1.82
3.75
100
224
San Juan Tecuaco
Santa Rosa
4.2
1.64
0.51
3.16
1.64
0.57
2.81
1.76
0.74
2.82
1.74
0.93
3.44
1.54
1.61
3.43
100
225
San Lorenzo
San Marcos
4.1
1.39
0.47
2.57
1.43
0.52
2.54
1.53
0.68
2.61
1.55
0.82
3.28
1.33
1.36
3.79
100
226
San Lorenzo
Suchitepéquez
4.2
1.76
0.51
3.4
1.84
0.57
3.45
1.96
0.93
3.56
1.96
1.38
4.52
1.71
1.98
4.61
110
227
San Lucas Sacatepéquez
Sacatepéquez
4.1
1.32
0.47
2.48
1.43
0.52
2.6
1.75
0.68
2.69
1.54
1.08
3.27
1.28
1.82
3.51
228
228
San Lucas Tolimán
Sololá
4.1
1.52
0.47
2.66
1.52
0.52
2.57
1.66
0.68
2.69
1.65
0.88
3.65
1.48
1.45
3.91
100
229
San Luis
Petén
2
0.77
0.3
4.73
0.86
0.33
4.9
0.94
0.5
3.98
1.03
0.57
3.86
1.03
0.88
3.95
110
230
San Luis Jilotepeque
Jalapa
4.1
1.33
0.43
2.52
1.51
0.48
2.74
1.78
0.75
2.44
1.58
1.11
2.77
1.31
1.65
3.06
100
231
San Manuel Chaparrón
Jalapa
4.1
1.12
0.43
2.51
1.51
0.48
2.48
1.49
0.62
2.5
1.38
0.74
3.05
1.11
1.4
3.24
100
232
San Marcos
San Marcos
4.1
1.48
0.47
2.57
1.48
0.52
2.57
1.61
0.68
2.67
1.61
0.85
3.45
1.44
1.39
3.88
100
233
San Marcos La Laguna
Sololá
4.1
1.44
0.47
2.57
1.44
0.52
2.57
1.56
0.68
2.65
1.57
0.84
3.25
1.34
1.38
3.86
100
234
San Martín Jilotepeque
Chimaltenango
4.1
1.28
0.47
2.77
1.43
0.52
2.96
1.81
0.71
2.9
1.58
1.19
3.48
1.3
1.82
3.75
100
235
San Martín Sacatepéquez
Quetzaltenango
4.1
1.3
0.47
2.63
1.43
0.52
2.6
1.53
0.68
2.73
1.51
0.79
3.27
1.37
1.26
3.53
100
236
San Martín Zapotitlán
Retalhuleu
4.2
1.68
0.51
3.58
1.68
0.57
3.04
1.8
0.74
2.95
1.77
1.07
3.77
1.57
1.79
4.18
100
237
San Mateo Ixtatán
Huehuetenango
3
0.94
0.37
2.66
1.05
0.41
2.95
1.12
0.57
2.95
1.15
0.66
3.22
0.95
1.18
3.53
100
238
San Mateo Ixtatán
Quetzaltenango
4.1
1.51
0.47
2.56
1.51
0.52
2.56
1.63
0.68
2.68
1.64
0.84
3.31
1.41
1.39
3.9
100
239
San Miguel Acatán
Huehuetenango
4.1
1.4
0.37
3.64
1.63
0.54
3.55
1.8
0.89
3
1.63
1.16
3.45
1.33
1.55
3.68
100
240
San Miguel Chicaj
Baja Verapaz
4.1
1.31
0.43
4.51
1.54
0.53
4.43
1.75
0.9
3.66
1.75
1.28
4.27
1.43
1.65
4.43
100
241
San Miguel Dueñas
Sacatepéquez
4.1
1.43
0.47
2.57
1.43
0.52
2.56
1.56
0.68
2.64
1.57
0.84
3.25
1.35
1.5
3.46
100
242
San Miguel Ixtahuacán
San Marcos
4.1
1.28
0.47
3.77
1.43
0.52
3.71
1.66
0.82
3.68
1.63
1.31
4.27
1.33
1.82
4.47
100
243
San Miguel Panán
Suchitepéquez
4.2
1.67
0.51
3.54
1.67
0.57
3.06
1.79
0.74
2.91
1.76
1.05
3.76
1.57
1.75
4.19
100
244
San Miguel Petapa
Guatemala
4.1
1.36
0.47
2.5
1.43
0.52
2.56
1.8
0.68
2.69
1.56
1.08
3.27
1.29
1.82
3.51
100
245
San Miguel Sigüilá
Quetzaltenango
4.1
1.28
0.47
2.42
1.43
0.52
2.47
1.53
0.68
2.66
1.43
0.79
3.06
1.28
1.19
3.6
100
246
San Pablo
San Marcos
4.1
1.57
0.47
2.94
1.57
0.52
2.62
1.7
0.68
2.72
1.68
0.93
3.67
1.52
1.52
3.94
100
247
San Pablo Jocopilas
Suchitepéquez
4.2
1.66
0.51
3.15
1.66
0.57
2.8
1.78
0.74
2.83
1.75
0.93
3.7
1.54
1.54
4.17
100
248
San Pablo La Laguna
Sololá
4.1
1.46
0.47
2.58
1.46
0.52
2.58
1.58
0.68
2.66
1.6
0.84
3.25
1.36
1.38
3.87
100
249
San Pedro Ayampuc
Guatemala
4.1
1.28
0.47
2.8
1.43
0.52
2.88
1.58
0.69
2.9
1.53
1.13
3.48
1.28
1.82
3.75
100
250
San Pedro Carchá
Alta Verapaz
4.1
1.09
0.37
4.51
1.3
0.44
4.33
1.53
0.76
3.68
1.53
1.16
4.27
1.29
1.55
4.47
100
251
San Pedro Jocopilas
Quiché
4.1
1.11
0.43
3.79
1.26
0.48
3.71
1.5
0.73
3.69
1.5
1.15
4.27
1.27
1.65
4.46
100
252
San Pedro La Laguna
Sololá
4.1
1.55
0.47
2.57
1.55
0.52
2.55
1.67
0.68
2.7
1.66
0.85
3.6
1.46
1.39
3.92
100
253
San Pedro Necta
Huehuetenango
4.1
1.19
0.43
4.32
1.41
0.48
4.19
1.63
0.82
3.68
1.63
1.28
4.27
1.33
1.65
4.47
100
254
San Pedro Pinula
Jalapa
4.1
1.2
0.43
2.71
1.4
0.48
2.88
1.74
0.63
2.89
1.52
1.01
3.48
1.27
1.65
3.73
100
255
San Pedro Sacatepéquez
Guatemala
4.1
1.28
0.47
2.48
1.43
0.52
2.44
1.53
0.68
2.64
1.43
0.81
3.25
1.28
1.54
3.47
100
256
San Pedro Sacatepéquez
San Marcos
4.2
1.48
0.47
2.57
1.48
0.52
2.57
1.6
0.68
2.67
1.61
0.84
3.3
1.41
1.39
3.88
100
257
San Pedro Soloma
Huehuetenango
3
1.04
0.37
3.54
1.3
0.41
3.14
1.37
0.72
3
1.37
0.98
3.42
1.22
1.55
3.63
100
258
San Rafael La Independencia
Huehuetenango
4.1
1.18
0.37
3.64
1.43
0.46
3.55
1.56
0.79
3
1.48
1.09
3.44
1.27
1.55
3.65
100
259
San Rafael Las Flores
Santa Rosa
4.1
1.28
0.47
2.47
1.43
0.52
2.5
1.53
0.68
2.52
1.45
0.79
3.24
1.28
1.32
3.44
100
260
San Rafael Petzal
Huehuetenango
4.1
1.32
0.43
4.51
1.54
0.53
4.45
2.09
0.9
3.69
1.82
1.28
4.27
1.43
1.9
4.43
100
